17.99999999999999
39.99999999999996
69.9999999999999
107.9999999999998
153.99999999999966
207.9999999999995
269.9999999999992
339.99999999999886
417.99999999999847
503.99999999999795
597.9999999999973
699.9999999999966
809.9999999999957
927.9999999999948
1053.9999999999939
1187.9999999999923
1329.9999999999907
1479.9999999999893
1637.9999999999875
1803.999999999986
1977.9999999999836
2159.9999999999814
2349.999999999979
2547.999999999976
2753.999999999973
2967.99999999997
3189.999999999966
3419.999999999962
3657.999999999958
3903.9999999999545
4157.999999999949
4419.9999999999445
4689.999999999938
4967.999999999933
5253.999999999925
5547.99999999992
5849.9999999999145
6159.999999999907
6477.999999999902
6803.9999999998945
7137.999999999888
7479.999999999882
7829.999999999873
8187.999999999866
8553.999999999854
8927.999999999844
9309.999999999833
9699.999999999822
10097.99999999981