6.06
5.17
12.29
12.74
16.43
15.74
21.9
21.23
27.53
24.55
33.76
34.01
36.83
35.14
38.5
38.8
41.68
55.43
52.42
52.63
47.4
54.83
53.79
59.99
56.42
69.37
67.82
72.46
90.14
79.39
63.95
74.23
86.83
74.35
87.72
89.18
91.93
94.51
84.91
82.68
86.03
85.79
102.59
100.98
98.16
114.52
106.96
109.28
112.05
146.29
112.26
109.54
116.33
113.85
140.07
124.05
110.06
118.27
123.64
135.88
132.04
141.12
127.55
155.23
151.58
128.23
169.46
158.8
188.18
148.52
164.64
152.21
172.62
173.49
159.99
193.06
201.16
182.45
176.57
176.77
180.33
177.9
189.91
193.82
190.2
185.04
188.44
201.76
190.46
195.21
199.69
205.12
211.02
175.99
199.88
210.46
215.69