0.09
0.04
0.4
0.78
1.66
4.26
0.45
11.06
5.11
6.74
6.31
26.03
26.43
65.3
38.13
14.04
62.4
116.07
17.5
8.97
53.8
28.94
204.86
215.43
140.48
92.2
589.7
271.95
89.61
1080.08
46.09
404.75
111.9
87.39
88.31
673.81
43.57
677.39
559.93
72.57
3585.35
117.63
2285.55
1255.69
103.7
2289.46
1277.02
1335.64
486.92
815.46
684.5
891.27
2513.97
808.82
2507.57
1363.03
2182.43
201.4
4242.44
2113.46
3114.29
1303.82
1873.69
222.79
10252.43
2796.83
17930.63
3597.82
6076.11
6401.0
1783.94
3252.24
1882.92
1126.02
651.75
7963.88
495.76
3653.47
2630.76
6827.85
632.12
5598.89
1370.06
11983.13
5084.65
10574.38
5186.4
3338.49
4910.27
1878.22
6274.67
5192.66
1406.34
42748.18
14877.48
745.01
449.96
2861.96