0.06333333333333334
0.10666666666666667
0.15
0.7033333333333334
0.31
0.46
1.6
0.5233333333333333
1.7233333333333334
4.596666666666667
0.58
3.0
2.3133333333333335
5.483333333333333
3.6666666666666665
7.406666666666666
17.836666666666666
19.176666666666666
0.77
55.87
33.266666666666666
23.3
3.466666666666667
14.743333333333334
75.41
75.54666666666667
78.65666666666667
40.906666666666666
242.5
28.206666666666667
167.87666666666667
12.256666666666666
50.74333333333333
68.49666666666667
157.25666666666666
159.33333333333334
60.59
81.59
180.54333333333332
552.9366666666666
234.06666666666666
138.59666666666666
891.61
413.54
2024.45
157.18666666666667
1271.1466666666668
1571.91