35.99999999999998
79.99999999999991
139.9999999999998
215.9999999999996
307.9999999999993
415.999999999999
539.9999999999984
679.9999999999977
835.9999999999969
1007.9999999999959
1195.9999999999945
1399.9999999999932
1619.9999999999914
1855.9999999999895
2107.9999999999877
2375.9999999999845
2659.9999999999814
2959.9999999999786
3275.999999999975
3607.999999999972
3955.9999999999673
4319.999999999963
4699.999999999958
5095.999999999952
5507.999999999946
5935.99999999994
6379.999999999932
6839.999999999924
7315.999999999916