29.69
58.065
99.555
159.855
204.86
291.9
366.18
480.25
561.825
702.225
765.46
967.92
1080.795
1397.32
1401.89
1580.72
1889.94
2028.605
2428.505
2384.31
2716.67
2955.365
3279.89
3639.77
3626.625
4212.185
3956.96
4888.875
4914.915
5621.085
5563.835
5452.23
6577.635
6666.535
7038.435
7495.16
8568.63
8726.515
10506.695
9634.245
10123.665
10822.2
10605.255
10795.115
11592.94
11049.565
12660.725
12811.91
13425.98
14458.745
15196.4
17068.315
17073.635
17699.8
16350.84
19484.795
20316.485
21884.73
21353.455
23663.385
23105.36
23220.425
22047.075
21703.095
24852.41
25234.685
24617.19
27341.0
26627.755
28567.475
28899.95
30795.72
28886.1
32068.88
30852.945
36067.845
39596.2
34101.99
34480.295
40835.725
38300.835
35060.765
38510.99
37807.91
39851.035
42506.66
41017.17
44856.49
47803.845
47245.615
43277.605
47645.04
46038.09
46902.59
58490.74
47490.955
51499.665
56155.39
53110.66
65349.675
57009.47
58787.435
54250.085
60644.51
58863.065
62111.545
66788.22
63284.57
70170.015
68322.905
67445.15
76918.005
66363.545
67148.625
68799.04
73139.99
77557.745
72241.945
78982.36
78447.55
81490.84
83746.5
87936.835
82889.085
82987.25
92480.65
86213.985
93938.64
100932.83
94794.805
95050.135
94471.545
106176.725
107152.065
106176.695
101387.62
112896.535
99821.66
114320.92
110081.345
111367.46
119159.88
109438.885
110842.35
120634.135
113772.48
128526.89
132480.62
129181.005