1.0
1.9207920792079207
3.0396039603960396
3.6831683168316833
8.673267326732674
9.534653465346535
14.96039603960396
18.396039603960396
21.782178217821784
27.07920792079208
31.81188118811881
37.851485148514854
44.91089108910891
61.603960396039604
56.76237623762376
78.05940594059406
83.64356435643565
95.68316831683168
92.60396039603961
105.36633663366337
127.06930693069307
140.7128712871287
140.0891089108911
162.27722772277227
163.36633663366337
166.2970297029703
210.24752475247524
217.01980198019803
233.02970297029702
217.05940594059405
259.8712871287129
261.1980198019802
239.64356435643563
273.2079207920792
366.26732673267327
307.44554455445547
375.5049504950495
392.1188118811881
409.5940594059406
372.38613861386136
476.13861386138615
414.64356435643566
480.66336633663366
508.0792079207921
484.35643564356434
553.5346534653465
510.54455445544556
613.2475247524752
628.8514851485148
659.8415841584158
652.6039603960396
729.1287128712871
725.9207920792079
755.7425742574258
788.8019801980198
730.3168316831683
834.039603960396
811.0990099009902
904.8811881188119
839.0990099009902
957.6237623762377
1067.5049504950496
1051.6732673267327
1130.4950495049504
1031.7425742574258
1216.9405940594058
1239.4752475247524
1281.1782178217823
1176.2772277227723
1292.990099009901
1319.7128712871288
1200.7128712871288
1196.3564356435643
1509.6633663366338
1343.0594059405942
1555.6534653465346
1354.8712871287128
1558.5247524752476
1709.3564356435643
1706.029702970297
1775.881188118812
1689.5247524752476
2072.6633663366338
1885.3366336633662
1761.0891089108911
1860.881188118812
1874.4257425742574
2074.891089108911
2215.0495049504952
2307.5940594059407
2105.09900990099
2172.3366336633662
2211.267326732673
2207.3168316831684
2086.8217821782177
2116.7227722772277
2193.029702970297
1892.2475247524753