30.25
55.03
98.21
147.81
240.59
307.26
357.52
436.75
620.95
694.84
719.66
985.36
1255.38
1387.41
1271.49
1649.39
2058.6
2242.9
2245.54
2324.74
3071.79
3037.24
3406.47
3296.16
4070.71
3569.99
4208.41
4021.48
5374.14
5797.59
6378.79
6127.05
6642.67
6985.33
7340.77
7270.83
8142.38
8132.84
9691.72
8727.67
9023.76
10031.94
10946.11
11777.81
11252.26
12005.09
13577.99
14463.21
15757.18
15660.17
13529.45
16740.75
18032.01
16527.36
16300.01
17397.26
21415.59
18213.44
19482.97
19689.38
17418.1
22187.18
23301.64
20827.07
23777.77
27073.7
23086.91
30319.62
27933.76
26186.13
28688.38
27203.84
26401.42
29624.11
31249.19
30689.49
32078.14
35731.89
37686.44
38690.5
34887.7
40232.93
32073.44
41849.9
39127.3
43446.05
48030.99
41917.59
42467.41
48363.48
44191.16
53557.42
49459.44
46496.68
56009.0
47643.88
54677.14
54087.98
47276.07