1.0
1.83
3.38
3.61
4.48
6.63
8.24
9.83
8.48
14.49
10.5
9.5
12.38
13.5
15.62
12.08
26.86
12.43
16.82
17.02
22.08
21.2
21.72
22.2
19.48
22.42
23.68
30.15
23.46
22.26
42.64
19.86
39.76
42.33
39.92
40.57
33.92
13.69
48.4
19.16
30.24
28.41
22.64
43.28
29.02
32.96
48.34
40.23
39.08
83.78
35.46
57.25
47.9
76.49
70.44
53.93
50.94
68.99
68.1
79.88
67.9
60.65
125.84
64.17
82.24
65.76
36.48
60.13
50.1
117.26
53.8
52.37
108.32
162.69
18.22
83.57
119.9
68.92
58.32
161.79
116.84
58.67
126.08
130.1
46.96
136.96
135.98
79.59
124.54
9.6
149.48
28.18
61.4
65.8
174.46
44.4
147.64
200.56