1.0
1.8415841584158417
4.435643564356436
6.316831683168317
8.504950495049505
11.247524752475247
15.504950495049505
17.02970297029703
26.425742574257427
27.396039603960396
39.12871287128713
40.84158415841584
47.79207920792079
66.17821782178218
63.7029702970297
64.94059405940594
79.37623762376238
87.63366336633663
91.72277227722772
113.64356435643565
146.16831683168317
133.96039603960395
158.23762376237624
129.2871287128713
156.72277227722773
193.32673267326732
194.55445544554456
196.5742574257426
235.65346534653466
248.30693069306932
246.87128712871288
305.3267326732673
309.41584158415844
308.1782178217822
281.54455445544556
386.8910891089109
337.7524752475247
391.76237623762376
398.91089108910893
417.8217821782178
520.5643564356436
498.15841584158414
517.4257425742575
469.28712871287127
411.55445544554453
592.1287128712871
531.5841584158416
582.8910891089109
683.6534653465346
672.2475247524752
675.3861386138614
702.7326732673267
780.8217821782179
799.5643564356436
704.3366336633663
789.6039603960396
917.0
894.7623762376238
920.1386138613861
989.1089108910891
939.7920792079208
906.2772277227723
1102.8316831683169
953.6633663366337
1147.4752475247524
1188.3168316831684
1037.0891089108911
1210.7524752475247
1181.7524752475247
1279.009900990099
1418.4950495049504
1320.09900990099
1328.6237623762377
1493.2871287128712
1478.8316831683169
1274.3762376237623
1473.3960396039604
1824.7524752475247
1565.980198019802
1663.6831683168316
1580.8019801980197
1740.5940594059407
1805.8613861386139
1705.920792079208
1776.148514851485
2098.7128712871286
1965.6435643564357
2146.2178217821784
2003.4356435643565
1964.079207920792
1774.6534653465346
2293.7425742574255
2266.4455445544554
2027.990099009901
2325.6831683168316
2127.8217821782177
2079.237623762376
2656.80198019802