34.999999999999936
78.99999999999972
138.99999999999875
214.99999999999838
306.9999999999964
414.999999999932
538.9999999238513
678.9999898960382
834.9996432082886
1006.9947561081196
1194.957882060872
1398.7800775238343
1618.162399910745
1852.4824695875907
2100.6882043375167
2361.262183796056
2632.2678128849066
2911.4585426984777
3196.4179206593403
3484.7000764134355
3773.949906223203
4061.993006525398
4346.89380051131
4626.985403741356
4900.87707347381
5167.445495397734
5425.81552491913
5675.33492495761
5915.546497225804