35.99999999999993
79.99999999999956
139.99999999999943
215.99999999999852
307.999999999996
415.9999999999935
539.9999999999877
679.9999999999823
835.9999999998493
1007.9999999735438
1195.9999985616555
1399.9999665018072
1619.9995801171008
1855.9966893892288
2107.9816791988906
2375.9230027521617
2659.7395920927625
2959.259877623779
3274.172997339587
3603.9820033418328
3947.9692847070733
4305.181312426999
4674.435058039664
5054.344018751393
5443.358866950395
5839.816583813925
6241.992192474387
6648.148316406401
7056.579233996321