1.0
1.714285714285714
3.3999999999999995
4.741935483870966
5.142857142857142
5.503937007874014
8.341176470588234
8.630136986301366
11.560117302052781
11.758182706399605
14.727472527472518
14.852398974484185
17.83849111884269
17.913480025635536
20.90698100251772
20.950584034607175
23.947471418271682
23.972276634743924
26.97076031757382
26.984649174046098
29.98390245053823
29.991585372875342
32.99121522851077
32.99542459831903
35.9952404200321
35.99752867965044
38.99743683635228
38.99867264739916
41.99862679280207
41.9992905096147
44.999267600476486
44.99962235649572
47.999610906816
47.99979973144937
50.99979400791918
50.99989414295841
53.99989128154256
53.99994421026522
56.999942779650056
56.9999706745706
59.99996995928757
59.999984622016186
62.999984264381155
62.99999195337665
65.99999177456084
65.9999957978734
68.99999570846595
68.99999780952939
71.99999776482572
71.99999886006103
74.99999883770926
74.99999940767867
77.99999939650277
77.99999969266335
80.99999968707542
80.99999984074364
83.99999983794964
83.99999991757772
86.99999991618073
86.99999995739174
89.99999995669324
89.99999997799723
92.99999997764797
92.99999998864922
95.99999998847458
95.99999999414985
98.9999999940625
98.99999999698744
101.99999999694379
101.99999999844991
104.99999999842805
104.99999999920294
107.999999999192
107.99999999959036
110.99999999958489
110.99999999978952
113.99999999978678
113.99999999989183
116.99999999989046
116.99999999994435
119.99999999994364
119.99999999997127
122.9999999999709
122.99999999998508
125.99999999998488
125.99999999999213
128.99999999999204
128.99999999999574
131.99999999999568
131.99999999999744
134.99999999999739
134.99999999999835
137.9999999999983
137.99999999999918
140.99999999999915
140.99999999999932
143.99999999999926
143.99999999999935