35.99999999999993
79.99999999999955
139.99999999999932
215.99999999999858
307.99999999999596
415.9999999999935
539.9999999999877
679.9999999999822
835.9999999998493
1007.9999999735437
1195.9999985616555
1399.9999665018072
1619.9995801171008
1855.9966893892288
2107.9816791988906
2375.9230027521617
2659.739592092763
2959.259877623779
3274.172997339587
3603.9820033418328
3947.969284707073
4305.181312426999
4674.435058039664
5054.344018751393
5443.358866950393
5839.816583813925
6241.992192474387
6648.1483164064
7056.579233996321