0.2640000000000001
0.34580000000000005
0.4392000000000001
0.4934000000000002
0.6212000000000003
0.6039000000000005
0.8654000000000004
0.9158999999999995
0.9374000000000001
1.1207999999999994
1.1791999999999987
1.4492999999999976
1.5707999999999955
1.7082999999999935
1.6932999999999936
1.6822999999999948
2.227299999999987
2.0398999999999887
2.2894999999999874
2.496099999999982
2.8763999999999736
3.1555999999999726
3.5027999999999655
3.390099999999967
3.3607999999999687
4.0608999999999575
4.228599999999954
4.3362999999999525
4.081299999999954
4.83419999999994
4.925799999999958
5.426899999999938
5.716699999999946
5.348499999999934
6.644499999999932
6.6235999999999455
7.477199999999974
6.645699999999921
7.680699999999945
8.147399999999942
9.334600000000018
8.93819999999999
9.026899999999936
9.086799999999993
9.515300000000055
9.16549999999996
10.448100000000073
9.322099999999976
10.006299999999985
11.105099999999977
11.851400000000096
11.147000000000055
13.122299999999996
12.123200000000102
12.483500000000099
13.218500000000054
16.53760000000007
15.01500000000023
14.748600000000243
14.75800000000007
17.349800000000222
15.039300000000075
16.179300000000143
17.728900000000202
17.91540000000009
21.880900000000082
21.181999999999974
25.945100000000316
20.826900000000304
20.7738000000003
22.459000000000273
25.13840000000074
21.473400000000115
21.431700000000156
21.701100000000157
22.578700000000428
24.542400000000107
26.735000000000746
24.85540000000014
27.93780000000048
24.03350000000052
29.077500000001105
23.893300000000462
25.656300000000314
26.193900000000507
35.287600000001255
28.015600000000553
30.41140000000092
36.236400000000714
37.865300000000815
30.726400000000186
37.25670000000089
36.32060000000097
39.682000000001096
38.12990000000105