1.456000000000001
1.8710000000000004
2.3819999999999992
2.8239999999999985
4.026999999999995
4.556999999999996
5.230999999999997
6.229999999999994
7.241999999999995
7.793999999999992
8.258
8.81
12.655000000000015
11.995000000000012
13.97900000000002
14.028000000000025
17.013000000000055
16.020000000000028
18.10300000000006
22.222000000000058
23.61500000000007
24.081000000000067
30.922000000000047
29.64900000000007
33.41399999999994
37.631000000000014
37.65199999999994
44.88699999999969
40.06499999999989
47.55699999999986
52.58099999999958
47.38099999999984
47.74999999999977
59.67099999999946
64.05999999999935
62.510999999999314
62.87999999999952
74.50399999999912
67.82599999999951
71.28199999999913
89.30999999999891
84.89699999999903
78.04199999999915
82.19699999999915
79.03299999999871