0.807
0.9975000000000002
1.4330000000000007
1.5289999999999995
1.9340000000000002
2.2569999999999983
2.862999999999999
3.0754999999999963
3.562499999999996
3.8864999999999963
5.128500000000002
5.562000000000001
5.691500000000001
7.393500000000021
6.591500000000004
8.140500000000017
9.528000000000032
9.14100000000001
9.408500000000027
11.800000000000043
13.056000000000054
12.241000000000016
13.967000000000017
14.248500000000062
14.801000000000045
17.224499999999995
18.18049999999999
22.47699999999999
18.57899999999999
21.866499999999995
22.518499999999932
25.818499999999837
30.694499999999724
26.54499999999985
27.564499999999963
33.07949999999982
35.80949999999968
32.33699999999985
39.08649999999952
33.797999999999654
45.12799999999944
38.5589999999997
44.53049999999981
51.938000000000144
45.624499999999244