0.27930000000000016
0.3255000000000002
0.4024000000000003
0.49390000000000045
0.6478000000000006
0.6307000000000006
0.7535000000000006
0.9144000000000002
1.0122999999999995
1.0691999999999988
1.1669999999999994
1.3810999999999967
1.426799999999998
1.741499999999992
1.8886999999999927
2.00909999999999
2.3606999999999845
2.051299999999991
1.9236999999999924
2.414999999999985
2.66459999999998
3.445799999999967
3.409099999999964
3.545799999999967
3.3749999999999662
3.8604999999999565
4.0011999999999635
4.645699999999944
4.800299999999961
4.919399999999956
4.704899999999941
4.86809999999994
4.870499999999941
5.480299999999927
5.913999999999922
6.225399999999927
7.076399999999953
6.982099999999925
7.250799999999914
8.49229999999999
9.162500000000012
8.9222
8.60149999999996
9.146899999999995
9.941099999999985