1.9
4.02
6.33
9.48
11.43
13.82
20.88
22.4
29.03
33.7
39.35
48.42
50.07
54.72
61.11
76.18
92.04
90.48
98.38
107.74
125.08
124.92
135.99
148.38
166.68
174.56
155.45
178.2
184.59
223.74
186.14
232.26
218.56
219.3
263.17
272.74
269.02
294.48
263.09
293.48
283.0
322.06
321.06
311.48
302.04
360.36
368.72
470.26
431.99
387.08
413.36
438.34
412.66
411.9
402.02
481.04
446.71
429.7
477.27
456.16
501.81
533.66
530.28
596.56
518.65
635.42
543.59
625.46
596.2
521.44
569.93
657.68
597.02
600.82
601.15
555.52
593.81
708.36
645.34
673.48
662.31
639.52
692.66
704.64
726.47
747.94
680.53
739.78
751.36
722.48
777.03
734.82
833.7
802.88
759.48
773.28
824.94