1.71
3.82
5.09
8.58
11.32
13.5
14.49
19.3
22.3
27.3
26.23
32.58
32.91
36.98
38.0
42.32
45.29
48.38
50.37
57.08
62.64
58.98
61.03
65.9
60.74
72.46
69.55
72.06
68.48
76.5
78.32
87.7
86.87
97.36
88.34
98.52
99.28
103.58
97.59
103.98
100.78
107.88
106.0
109.74
109.18
118.98
115.32
131.1
129.94
130.52
134.76
144.2
139.16
138.92
138.38
154.72
139.66
143.54
149.48
144.64
163.22
163.3
158.06
167.56
161.14
167.04
161.08
170.22
178.1
184.72
187.36
181.66
186.56
193.74
190.52
190.22
198.86
200.78
206.34
205.78
199.56
209.26
198.44
221.46
223.86
219.0
213.82
234.56
222.3
220.64
240.72
229.36
238.92
252.68
236.18
241.9
235.78