1.842105263157895
3.846153846153846
5.260663507109005
8.142857142857142
9.832442933462847
13.402061855670105
15.117625580303582
19.18181818181818
20.758285312880137
25.1576292559899
26.51176353025064
31.129589632829354
32.23858506822263
36.99574592929439
37.87306772047558
42.718247090864054
43.39468434538236
48.29540725450699
48.80690471344818
53.74282206534777
54.12382411679975
59.08219226682748
59.362646139664506
64.33544459802242
64.53992723221111
69.52206891220541
69.67000125393568
74.65823174282545
74.76456005434022
79.75678007300797
79.83278642938359
84.82763187804306
84.88170819221736
89.87828724842569
89.9166042385005
94.91433097664668
94.94138435641828
99.93987235014322
99.95891277383643
104.9579064267875
104.97126946628751
109.97059934953661
109.97995410207614
114.9795077246979
114.98604149367173
119.9857440807518
119.99029805496751
124.99009986005599
124.9932679048416
129.9931358123636
129.99533587250457
134.99524782827763
134.99677321673204
139.99671452866954
139.9977705730259
144.99773145139895
144.99846155899473
149.99843547964394
149.9989396028698
154.99892221743664
154.99926988923121
159.99925829931192
159.99949780682573
164.99949008038288
164.99965490288542
169.9996497520018
169.9997630675306
174.9997596336442
174.99983746655928
179.99983517731823
179.9998885920761
184.99988706592293
184.9999236931912
189.99992267575914
189.99994777222318
194.99994709393684
194.9999642771026
199.99996382491236
199.99997558181582
204.99997528035604
204.9999833192645
209.99998311829148
209.9999886115458
214.99998847756382
214.99999222905467
219.99999213973337
219.99999470027473
224.9999946407272
224.9999963874531
229.99999634775475
229.99999753870438
234.99999751223885
234.9999983238488
239.99999830620516
239.9999988590409
244.99999884727845
244.99999922367735