1.9269102990033224
3.9603960396039612
5.706162624262271
8.76699029126214
11.197174793980663
15.243844920290545
18.2086576848991
23.17174011812814
26.51766002731734
32.30878653166608
35.8890302805958
42.40989709989316
46.092516673521224
53.242713808536394
56.91577537018304
64.59878477210307
68.1726950242368
76.29989373197446
79.7073577251148
88.20021599743086
91.39450214317071
100.18535394473832
103.13754896858859
112.1693608420378
114.86519048808756
124.09071463947079
126.52735230531009
135.90796792447173
138.09110045434448
147.59555758230945
149.5368505630612
159.1400519893047
160.85506445596272
170.53696048422984
172.04349908548755
181.78812785729727
183.10499677056708
192.89967616825732
194.0457639110794
203.88042590920452
204.87406705861625
214.740718067001
215.59927169725424
225.49156001725038
226.23115387361054
236.14402577426497
236.77942356901593
246.70885129072016
247.2534087295399
257.1961760795672
257.6618586305764
267.61539225633487
268.0128339886575
277.97507064772776
278.31365865221323
288.28294073599625
288.57091378111625
298.54590696654515
298.79046027464244
308.77008849421554
308.97747899876765
318.9608729703971
319.13652127840635
329.1229776660425
329.27156432900995
339.2605132539122
339.3860679540604
349.37704708139063
349.48303005510604
359.47566387194485
359.5650393903211
369.55902259424124
369.6343246564561
379.6294088083457
379.6927994202125
389.6887821968231
389.74210273700726
399.73881925978395
399.7836355046313
409.78095133120826
409.81859273452056
419.81639818497536
419.84799200511696
429.84619756221986
429.87269840583497
439.8712309812703
439.89344629793436
449.8922461980993
449.91085821866125
459.90987667656736
459.9254612434976
469.92465840945715
469.9377011026718
479.93704440729005
479.94795432538695
489.94741714503266
489.95653866071444