2.0
4.0
6.0
9.0
11.999999999999996
16.0
19.999999999999993
24.999999999999986
29.999999999999993
35.999999999999986
41.999999999999986
48.99999999999997
55.999999999999964
63.99999999999996
71.99999999999991
80.99999999999989
89.99999999999986
99.99999999999979
109.99999999999974
120.99999999999969
131.99999999999972
143.9999999999996
155.9999999999997
168.99999999999966
181.99999999999957
195.9999999999995
209.99999999999943
224.99999999999932
239.99999999999923
255.9999999999991
271.999999999999
288.99999999999886
305.9999999999988
323.99999999999886
341.9999999999987
360.9999999999983
379.99999999999807
399.9999999999978
419.99999999999727
440.9999999999974
461.9999999999966
483.99999999999636
505.99999999999585
528.9999999999949
551.9999999999937
575.9999999999936
599.9999999999931
624.9999999999924
649.9999999999931
675.9999999999918
701.9999999999918
728.9999999999922
755.9999999999908
783.9999999999907
811.9999999999907
840.9999999999898
869.999999999988
899.9999999999864
929.999999999985
960.9999999999837
991.9999999999832
1023.9999999999828
1055.9999999999795
1088.99999999998
1121.9999999999793
1155.9999999999786
1189.9999999999789
1224.9999999999775
1259.9999999999764
1295.9999999999745
1331.9999999999732
1368.9999999999743
1405.999999999975
1443.9999999999723
1481.9999999999739
1520.9999999999725
1559.9999999999698
1599.9999999999654
1639.99999999996
1680.9999999999545
1721.9999999999532
1763.9999999999545
1805.9999999999486
1848.9999999999488
1891.999999999951
1935.9999999999513
1979.9999999999472
2024.9999999999475
2069.999999999948
2115.9999999999445
2161.999999999945
2208.999999999943
2255.9999999999445
2303.9999999999372
2351.999999999942
2400.99999999994
2449.999999999938