2.1
3.8
5.14
7.2
13.85
15.48
18.76
22.8
30.5
34.76
36.3
44.22
48.76
59.34
61.35
79.96
74.99
90.24
97.09
95.46
119.96
126.14
138.71
126.1
137.21
155.82
152.95
174.7
195.85
208.16
217.41
265.96
223.49
222.54
247.44
259.12
254.7
267.94
269.63
302.62
329.28
353.44
371.12
372.72
380.18
348.32
357.57
330.52
391.04
445.42
376.32
383.8
418.13
437.2
382.27
453.6
484.02
455.78
496.21
558.18
464.58
470.76
510.48
540.4
545.56
528.56
554.18
491.82
523.62
632.08
544.54
561.54
659.57
642.56
623.67
602.08
686.68
757.42
623.81
649.38
689.04
725.98
716.7
715.52
674.61
736.24
713.72
764.36
786.84
731.06
847.68
868.94
857.46
705.24
799.29
773.2
857.93