2.09
4.16
5.18
9.6
12.59
16.86
20.15
21.6
27.31
40.22
39.9
55.28
60.22
65.44
65.08
72.86
94.39
100.5
121.03
126.32
150.96
134.62
162.09
164.08
193.17
184.74
229.28
213.34
195.68
216.56
268.68
267.16
344.83
375.14
363.74
354.96
414.94
338.46
406.87
406.8
433.52
594.54
494.72
552.4
583.48
568.08
556.88
828.02
664.03
600.16
653.04
634.56
688.47
739.34
758.48
858.26
892.52
856.68
885.12
988.26
929.76
1014.14
1031.8
1029.1
1086.85
1192.04
1142.59
1200.46
1377.43
1329.72
1461.09
1475.34
1729.99
1338.7
1397.25
1617.82
1739.79
1580.96
1572.63
1639.22
1619.89
1528.18
1639.57
1722.76
1685.37
1826.44
1780.3
1942.5
2127.88
1991.24
2414.1
2225.2
2428.31
2129.7
2269.05
2491.22
2145.58