1.69
3.36
4.88
8.72
10.49
15.08
15.15
17.14
22.64
25.7
27.69
27.66
31.28
42.48
36.86
37.18
44.67
48.74
47.15
54.96
52.55
59.4
60.67
69.76
61.68
72.68
68.56
70.8
82.38
75.86
87.56
89.84
88.36
85.7
97.44
98.32
95.35
100.86
96.28
100.9
105.96
119.2
108.26
120.14
119.72
120.16
117.98
137.34
119.88
131.88
133.08
133.84
138.88
137.58
141.68
144.78
159.44
154.76
149.54
150.2
161.38
159.42
157.36
163.0
160.66
171.74
173.6
166.84
177.28
182.38
188.86
175.16
191.7
197.44
197.84
180.24
197.02
204.18
218.26
208.76
194.98
198.76
210.9
225.76
221.42
210.0
223.4
224.84
228.64
237.88
225.16
238.96
238.42
241.12
248.8
251.84
237.36