1.8
3.86
5.86
8.12
13.24
15.38
16.1
22.38
27.35
35.9
39.03
42.92
46.11
52.68
60.57
67.36
74.03
74.02
81.88
81.86
94.32
90.88
112.19
111.08
106.04
107.28
119.11
145.48
136.86
151.94
165.13
150.98
149.36
168.92
170.57
186.68
186.09
202.54
197.75
196.22
203.66
211.54
220.95
206.08
224.75
235.06
235.33
228.66
242.55
261.22
258.1
262.76
275.11
310.26
281.16
317.92
312.48
289.62
282.84
326.4
285.34
343.08
347.46
332.84
335.5
327.2
327.12
358.94
353.8
374.9
363.92
366.4
341.08
380.34
374.9
414.54
399.02
379.1
394.34
403.54
416.56
418.74
394.92
438.68
438.6
450.74
512.12
467.62
425.48
411.42
482.02
460.72
449.12
522.8
480.28
456.6
479.5