1.93
4.02
5.67
9.34
10.54
15.06
18.12
22.06
28.17
32.54
34.25
42.34
40.78
56.96
57.69
68.28
68.47
74.54
85.92
83.02
99.53
101.9
103.46
109.1
114.49
124.52
123.15
144.98
147.48
144.98
155.05
156.2
151.78
173.48
184.6
187.58
181.13
183.16
191.11
193.22
195.3
213.2
217.31
212.32
221.28
255.7
243.04
201.04
245.9
265.94
263.71
261.66
260.26
265.92
273.94
299.26
317.24
297.86
272.84
322.24
334.76
367.5
304.17
332.5
336.1
324.04
320.14
399.1
333.54
396.46
366.34
390.96
346.28
410.6
357.1
360.68
365.4
367.1
428.72
444.6
430.48
408.88
437.42
445.82
426.96
456.24
404.96
457.88
437.98
509.6
470.58
448.42
471.72
470.22
464.06
524.24
468.3